2 0 62 279 186 2.080000
3 0 88 198 132 2.150000
10 0 130 117 78 1.040000
12 0 110 90 60 0.370000
15 0 88 198 132 0.350000
16 0 110 198 132 0.100000
18 0 34 306 204 0.860000
19 0 93 279 186 2.660000
21 0 75 225 150 1.200000
22 0 168 252 168 1.130000
22 0 28 252 168 0.910000
23 0 76 171 114 2.020000
23 0 266 171 114 1.310000
24 0 100 225 150 2.960000
25 0 34 306 204 1.540000
25 0 132 198 132 0.140000
26 0 34 306 204 1.410000
27 0 288 144 96 0.250000
27 0 143 117 78 0.200000
28 0 52 117 78 0.500000
29 0 112 144 96 3.040000
30 0 273 117 78 1.350000
31 0 34 306 204 3.890000
37 0 133 171 114 1.140000
39 0 68 306 204 1.910000
40 0 75 225 150 1.570000
41 0 104 117 78 1.550000
42 0 100 225 150 1.180000
44 0 62 279 186 1.500000
45 0 247 171 114 1.540000
47 0 125 62 42 1.280000
48 0 95 171 114 0.110000
50 0 66 198 132 0.340000
52 0 130 117 78 1.050000
53 0 68 306 204 3.360000
53 0 44 198 132 0.030000
55 0 20 90 60 0.210000
55 0 320 90 60 0.120000
56 0 192 144 96 0.400000
57 0 95 171 114 2.290000
58 0 16 144 96 0.910000
58 0 128 144 96 0.230000
58 0 336 144 96 0.070000
59 0 176 144 96 0.510000
61 0 34 306 204 2.780000
63 0 198 198 132 3.510000
63 0 44 198 132 1.620000
65 0 34 306 204 0.790000
66 0 50 225 150 0.210000
67 0 31 279 186 4.410000
67 0 252 252 168 1.420000
69 0 65 117 78 1.270000
71 0 95 171 114 0.040000
72 0 93 279 186 0.280000
75 0 198 198 132 1.870000
76 0 75 225 150 1.510000
78 0 110 198 132 0.550000
79 0 374 198 132 0.030000
80 0 204 306 204 0.610000
84 0 104 117 78 2.390000
86 0 75 225 150 1.170000
87 0 57 171 114 0.990000
88 0 224 252 168 2.140000
89 0 68 306 204 1.280000
91 0 88 198 132 1.530000
94 0 248 279 186 4.220000
95 0 95 171 114 1.000000
95 0 102 306 204 0.260000
96 0 102 306 204 1.140000
97 0 140 252 168 2.370000
100 0 19 171 114 2.450000
100 0 323 171 114 2.010000
100 0 152 171 114 0.670000
102 0 156 117 78 1.570000
106 0 76 171 114 2.190000
107 0 34 306 204 0.190000
109 0 88 198 132 1.660000
110 0 50 225 150 1.320000
111 0 50 225 150 2.050000
112 0 50 225 150 4.160000
112 0 196 252 168 0.460000
112 0 252 252 168 0.240000
113 0 95 171 114 1.060000
114 0 192 144 96 1.480000
116 0 198 198 132 0.650000
118 0 95 171 114 2.860000
118 0 143 117 78 0.130000
120 0 171 171 114 0.070000
121 0 133 171 114 1.360000
123 0 21 62 42 1.060000
123 0 91 62 42 0.590000
123 0 364 62 42 0.500000
123 0 186 279 186 0.020000
124 0 110 198 132 0.450000
125 0 91 117 78 2.530000
126 0 68 306 204 1.600000
127 0 0 171 114 0.060000
128 0 19 171 114 1.090000
129 0 57 171 114 3.110000
129 0 288 144 96 2.910000
130 0 250 225 150 1.950000
133 0 325 117 78 0.400000
134 0 62 279 186 2.110000
140 0 128 144 96 4.500000
141 0 175 225 150 0.460000
142 0 84 252 168 3.050000
143 0 34 306 204 0.260000
144 0 96 144 96 3.450000
147 0 84 252 168 0.320000
149 0 266 171 114 1.770000
150 0 104 117 78 0.630000
151 0 68 306 204 0.820000
152 0 95 171 114 1.280000
153 0 155 279 186 0.310000
158 0 93 279 186 1.310000
159 0 62 279 186 4.350000
160 0 34 306 204 2.290000
161 0 154 198 132 1.020000
162 0 140 252 168 2.550000
163 0 198 198 132 4.060000
164 0 160 144 96 2.050000
166 0 133 171 114 1.030000
168 0 190 171 114 3.460000
176 0 62 279 186 0.450000
177 0 38 171 114 0.270000
178 0 150 225 150 0.060000
179 0 68 306 204 3.150000
181 0 208 117 78 0.510000
182 0 34 306 204 0.070000
183 0 64 144 96 0.890000
185 0 31 279 186 3.110000
188 0 171 171 114 1.560000
190 0 66 198 132 1.240000
191 0 57 171 114 0.510000
192 0 0 252 168 0.330000
193 0 275 225 150 1.870000
193 0 44 198 132 0.550000
194 0 152 171 114 0.240000
196 0 132 198 132 0.180000
198 0 168 252 168 2.560000
201 0 80 144 96 0.020000
203 0 154 198 132 0.590000
206 0 93 279 186 2.380000
207 0 210 90 60 0.280000
208 0 110 198 132 0.990000
209 0 84 252 168 3.440000
210 0 68 306 204 3.350000
212 0 144 144 96 2.170000
213 0 114 171 114 0.270000
215 0 68 306 204 1.480000
217 0 110 198 132 0.800000
218 0 57 171 114 0.050000
218 0 150 90 60 0.030000
219 0 192 144 96 0.040000
220 0 88 198 132 0.260000
221 0 56 252 168 2.280000
224 0 34 306 204 0.820000
225 0 112 252 168 0.660000
226 0 34 306 204 2.860000
227 0 102 306 204 0.430000
230 0 68 306 204 1.950000
231 0 57 171 114 0.650000
232 0 125 225 150 3.630000
233 0 34 306 204 2.800000
234 0 93 279 186 0.750000
234 0 10 90 60 0.590000
235 0 260 117 78 1.250000
236 0 62 279 186 1.740000
237 0 128 144 96 1.260000
239 0 286 117 78 1.840000
240 0 56 252 168 1.800000
242 0 114 171 114 0.740000
243 0 240 144 96 0.410000
245 0 96 144 96 0.960000
246 0 171 171 114 1.290000
247 0 44 198 132 2.620000
249 0 208 117 78 0.130000
250 0 91 117 78 0.570000
253 0 204 306 204 1.870000
255 0 117 117 78 1.830000
256 0 68 306 204 0.470000
257 0 110 198 132 1.350000
258 0 90 90 60 2.480000
259 0 209 171 114 1.720000
261 0 152 171 114 0.880000
263 0 68 306 204 2.730000
264 0 240 144 96 4.070000
265 0 40 90 60 0.430000
265 0 42 62 42 0.220000
266 0 56 252 168 1.270000
266 0 57 171 114 0.380000
267 0 34 306 204 0.790000
269 0 76 171 114 1.980000
269 0 117 117 78 1.050000
270 0 28 252 168 2.280000
270 0 252 252 168 1.120000
272 0 88 198 132 0.130000
273 0 154 198 132 1.790000
275 0 78 117 78 3.750000
275 0 320 144 96 0.060000
276 0 112 144 96 2.560000
277 0 78 117 78 0.900000
278 0 68 306 204 2.000000
279 0 26 117 78 0.580000
280 0 190 171 114 0.290000
281 0 25 225 150 0.830000
281 0 224 252 168 0.040000
282 0 112 144 96 1.220000
283 0 125 225 150 2.070000
284 0 34 306 204 1.620000
285 0 154 198 132 2.950000
286 0 200 225 150 2.010000
288 0 100 90 60 1.000000
290 0 140 252 168 1.830000
291 0 70 90 60 2.490000
291 0 406 62 42 0.400000
292 0 144 144 96 1.690000
293 0 68 306 204 0.280000
294 0 84 252 168 1.460000
294 0 0 90 60 0.110000
294 0 62 62 42 0.050000
295 0 22 198 132 3.930000
295 0 198 198 132 2.790000
296 0 44 198 132 1.510000
296 0 323 171 114 0.480000
296 0 220 90 60 0.390000
298 0 250 225 150 0.870000
299 0 75 225 150 2.480000
300 0 93 279 186 1.620000
302 0 160 90 60 0.620000
302 0 0 279 186 0.520000
302 0 52 117 78 0.140000
303 0 75 225 150 3.350000
304 0 66 198 132 0.960000
307 0 95 171 114 0.620000
308 0 169 117 78 0.400000
309 0 34 306 204 0.440000
309 0 98 62 42 0.100000
312 0 260 117 78 2.500000
313 0 175 225 150 1.870000
315 0 68 306 204 2.380000
317 0 117 117 78 1.380000
318 0 62 279 186 0.110000
319 0 144 144 96 2.010000
320 0 34 306 204 2.260000
321 0 114 171 114 1.060000
323 0 34 306 204 3.050000
326 0 68 306 204 1.690000
328 0 91 117 78 1.950000
328 0 273 117 78 0.610000
329 0 144 144 96 2.240000
330 0 144 144 96 0.330000
331 0 39 117 78 2.780000
332 0 62 279 186 0.350000
332 0 44 198 132 0.260000
336 0 34 306 204 0.850000
338 0 150 225 150 0.680000
340 0 34 306 204 0.220000
341 0 117 117 78 0.940000
343 0 34 306 204 0.110000
344 0 190 171 114 1.700000
346 0 150 225 150 0.660000
349 0 68 306 204 1.830000
350 0 84 252 168 3.840000
351 0 65 117 78 2.240000
351 0 304 144 96 1.810000
352 0 144 144 96 0.920000
355 0 84 252 168 2.010000
358 0 150 225 150 2.830000
360 0 117 117 78 0.070000
361 0 56 252 168 1.770000
362 0 88 198 132 2.390000
363 0 125 225 150 0.580000
365 0 95 171 114 1.430000
366 0 110 198 132 1.380000
367 0 62 279 186 0.970000
368 0 338 117 78 1.350000
371 0 95 171 114 1.920000
372 0 84 252 168 0.130000
374 0 91 117 78 0.970000
375 0 76 171 114 2.330000
376 0 100 225 150 1.140000
378 0 124 279 186 0.640000
379 0 62 279 186 2.570000
382 0 168 252 168 0.240000
383 0 76 171 114 0.500000
384 0 93 279 186 2.040000
388 0 338 117 78 1.860000
388 0 77 62 42 0.020000
389 0 0 171 114 1.070000
390 0 28 252 168 0.210000
393 0 112 144 96 2.030000
394 0 88 198 132 1.680000
395 0 133 171 114 0.900000
398 0 189 62 42 1.900000
398 0 76 171 114 0.050000
399 0 88 198 132 2.580000
400 0 160 144 96 2.450000
402 0 34 306 204 0.880000
402 0 104 117 78 0.010000
408 0 68 306 204 1.760000
408 0 120 90 60 0.460000
410 0 50 225 150 1.010000
412 0 65 117 78 2.410000
413 0 175 225 150 0.600000
416 0 250 225 150 0.730000
416 0 224 144 96 0.530000
416 0 256 144 96 0.040000
417 0 80 144 96 1.520000
419 0 256 144 96 0.120000
420 0 91 117 78 0.050000
421 0 217 279 186 0.290000
422 0 44 198 132 2.930000
422 0 200 225 150 1.920000
428 0 104 117 78 3.010000
429 0 299 117 78 1.480000
431 0 176 198 132 1.020000
433 0 112 252 168 0.770000
436 0 34 306 204 1.390000
437 0 190 171 114 1.670000
438 0 171 171 114 0.770000
439 0 112 144 96 0.630000
440 0 50 225 150 0.730000
441 0 176 144 96 1.430000
441 0 22 198 132 0.460000
441 0 304 171 114 0.300000
444 0 110 198 132 1.770000
447 0 68 306 204 1.890000
448 0 195 117 78 1.100000
450 0 176 198 132 1.270000
453 0 117 117 78 3.110000
455 0 84 252 168 2.310000
457 0 114 171 114 2.100000
461 0 84 252 168 3.970000
464 0 224 144 96 0.730000
465 0 93 279 186 2.110000
466 0 136 306 204 1.570000
471 0 128 144 96 1.780000
472 0 80 144 96 0.980000
473 0 144 144 96 2.510000
474 0 132 198 132 0.830000
480 0 48 144 96 1.770000
480 0 308 198 132 0.760000
480 0 264 198 132 0.090000
481 0 133 171 114 0.810000
483 0 124 279 186 1.040000
484 0 56 252 168 0.710000
486 0 308 198 132 3.030000
488 0 28 252 168 3.940000
494 0 88 198 132 0.280000
495 0 68 306 204 5.080000
496 0 70 90 60 0.380000
497 0 88 198 132 3.240000
498 0 176 144 96 1.600000
499 0 90 90 60 0.650000
499 0 57 171 114 0.210000
